---
title: Create 3D SyntEyes
filters:
  - shinylive

editable: true

format:
  html:
    include-after-body: [../_includes/mdr-modal.html, ../_includes/resize-iframe.html]
---

This demo allows you to create realistic model eyes for scientific purposes.
The biometric model is based on [SyntEyes by Jos Rozema](https://doi.org/10.1167/iovs.16-20877), a statistical model that generates realistic ocular biometry using a multivariate Gaussian mixture model fitted to clinical population data.

The retinal shape component is based on the van Dam extension, which adds a realistic retinal curvature model, based on the axial length and high resolution MRI data of the healthy population.

Set the number of eyes and click **Generate 3D SyntEyes**.

<!-- Note: the edit.html file is generated automatically. -->
[Edit the demo](edit.html){.btn .btn-outline-primary .btn role="button" .external}

:::{.column-screen}
```{shinylive-python}
#| standalone: true
#| viewerHeight: 760
## file: app.py
import numpy as np
import pandas as pd
import scipy.stats as stats
import json

from shiny import reactive
from shiny.express import input, render, ui


def conditional_sgm(mu, cov, known_indices, known_values):
    """Compute the conditional Gaussian distribution.

    Parameters
    ----------
    mu : np.ndarray
        Mean vector of the full Gaussian.
    cov : np.ndarray
        Covariance matrix of the full Gaussian.
    known_indices : list[int]
        Indices of variables conditioned on.
    known_values : np.ndarray | float
        Observed values for the variables in ``known_indices``.

    Returns
    -------
    tuple[np.ndarray, np.ndarray]
        Conditional mean vector and conditional covariance matrix.
    """
    unknown_indices = [i for i in range(len(mu)) if i not in known_indices]

    mu_known = mu[known_indices]
    mu_unknown = mu[unknown_indices]

    cov_known_known = cov[np.ix_(known_indices, known_indices)]
    cov_known_unknown = cov[np.ix_(known_indices, unknown_indices)]
    cov_unknown_known = cov[np.ix_(unknown_indices, known_indices)]
    cov_unknown_unknown = cov[np.ix_(unknown_indices, unknown_indices)]

    cov_known_known_inv = np.linalg.inv(cov_known_known)

    conditional_mean = mu_unknown + cov_unknown_known @ cov_known_known_inv @ (
        known_values - mu_known
    )
    conditional_cov = (
        cov_unknown_unknown
        - cov_unknown_known @ cov_known_known_inv @ cov_known_unknown
    )

    return conditional_mean, conditional_cov


def zernike_index(order):
    """Create Zernike polynomial (n, m) index pairs.

    Parameters
    ----------
    order : int
        Maximum radial Zernike order.

    Returns
    -------
    np.ndarray
        Array of shape ``(k, 2)`` containing ``(n, m)`` pairs.
    """
    idx = np.array([])
    for n in range(0, order + 1):
        for m in range(-1 * n, n + 1, 2):
            idx = np.append(idx, [n, m])

    idx = np.reshape(idx, (int(len(idx) / 2), 2))
    return idx


def convert_to_single_orig_synteyes(eigencornea, conv_ec, avg_ec, lens_za):
    """Convert one eigencornea sample to SyntEyes format.

    Parameters
    ----------
    eigencornea : np.ndarray
        One eigencornea sample containing biometric latent variables.
    conv_ec : np.ndarray
        Conversion matrix from eigencornea coefficients to corneal terms.
    avg_ec : np.ndarray
        Mean corneal terms added after conversion.
    lens_za : np.ndarray
        Lens Zernike coefficients.

    Returns
    -------
    pandas.DataFrame
        Single-row dataframe with SyntEyes fields.
    """
    zerniken = (
        0.001
        * np.reshape(eigencornea[range(6, 18, 1)], (1, len(range(6, 18, 1))))
        @ conv_ec.T
    )
    for idx in range(len(zerniken[0, :])):
        zerniken[:, idx] = np.add(zerniken[:, idx], avg_ec[:, idx])

    synteyes_array = np.append(eigencornea[range(6)], zerniken)

    synteyes = dict(CCT=synteyes_array[96])
    synteyes["ACD"] = synteyes_array[0]
    synteyes["LT"] = synteyes_array[1]
    synteyes["AxialLength"] = synteyes_array[2]
    synteyes["VD"] = (
        synteyes_array[2]
        - synteyes_array[0]
        - synteyes_array[1]
        - synteyes_array[96]
        - 0.2
    )
    synteyes["RT"] = 0.2
    synteyes["Rla"] = synteyes_array[3]
    synteyes["Rlp"] = synteyes_array[4]
    synteyes["Qla"] = -3.1316
    synteyes["Qlp"] = -1
    synteyes["Pupil"] = 5
    synteyes["nc"] = 1.376
    synteyes["na"] = 1.336
    synteyes["nv"] = 1.336
    synteyes["num5"] = synteyes_array[5]
    synteyes["nl"] = (
        1000
        * (
            synteyes["nv"] * (synteyes["LT"] - synteyes["Rla"])
            + synteyes["na"] * (synteyes["LT"] + synteyes["Rlp"])
        )
        + synteyes["num5"] * synteyes["Rla"] * synteyes["Rlp"]
        - np.sqrt(
            -4
            * 10**6
            * synteyes["na"]
            * synteyes["nv"]
            * synteyes["LT"]
            * (synteyes["LT"] - synteyes["Rla"] + synteyes["Rlp"])
            + (
                1000 * synteyes["nv"] * (-1 * synteyes["LT"] + synteyes["Rla"])
                + 1000 * synteyes["na"] * (-1 * synteyes["LT"] - 1 * synteyes["Rlp"])
                - synteyes["num5"] * synteyes["Rla"] * synteyes["Rlp"]
            )
            ** 2
        )
    ) / (2000 * (synteyes["LT"] - synteyes["Rla"] + synteyes["Rlp"]))

    ind_lens = zernike_index(6)
    lens_za_array = np.tile(lens_za, (1, 1))
    for idx in range(lens_za_array.shape[1]):
        synteyes[str("LensZa" + str(idx))] = [
            (ind_lens[idx, 0], ind_lens[idx, 1], lens_za_array[:, idx][0])
        ]

    ind_cor = zernike_index(8)
    cor_za = np.reshape(synteyes_array[range(6, 51, 1)], (1, len(range(6, 51, 1))))
    for idx in range(cor_za.shape[1]):
        synteyes[str("CorZa" + str(idx))] = [
            (ind_cor[idx, 0], ind_cor[idx, 1], cor_za[:, idx][0])
        ]

    cor_zp = np.reshape(synteyes_array[range(51, 96, 1)], (1, len(range(51, 96, 1))))
    for idx in range(cor_zp.shape[1]):
        synteyes[str("CorZp" + str(idx))] = [
            (ind_cor[idx, 0], ind_cor[idx, 1], cor_zp[:, idx][0])
        ]

    return pd.DataFrame.from_dict(synteyes)


def create_retina_curvature(synteyes_orig, mu_retina, cov_retina):
    """Add retinal curvature values conditioned on axial length.

    Parameters
    ----------
    synteyes_orig : pandas.DataFrame
        Generated SyntEyes dataframe without retinal curvature columns.
    mu_retina : np.ndarray
        Mean vector for the retina model.
    cov_retina : np.ndarray
        Covariance matrix for the retina model.

    Returns
    -------
    pandas.DataFrame
        Input dataframe with ``ell_rx``, ``ell_ry``, and ``ell_rz`` added.
    """
    axial_lengths = np.array(synteyes_orig["AxialLength"] - synteyes_orig["RT"])

    cond_sgm = np.array([])
    for al in axial_lengths:
        conditional_mean_sgm, conditional_cov_sgm = conditional_sgm(
            mu_retina, cov_retina, [0], al
        )
        cond_sgm = np.append(
            cond_sgm,
            stats.multivariate_normal.rvs(
                mean=conditional_mean_sgm, cov=conditional_cov_sgm, size=1
            ),
            axis=0,
        )

    n_rows = len(axial_lengths)
    cond_sgm = np.reshape(cond_sgm, (n_rows, 3))

    synteyes_orig["ell_rx"] = cond_sgm[:, 0]
    synteyes_orig["ell_ry"] = cond_sgm[:, 1]
    synteyes_orig["ell_rz"] = cond_sgm[:, 2]
    return synteyes_orig


def create_mgmm_data(mu_c0, mu_c1, cov_c0, cov_c1, w_c0, w_c1, n):
    """Sample from a weighted two-component Gaussian mixture model.

    Parameters
    ----------
    mu_c0 : np.ndarray
        Mean vector of component 0.
    mu_c1 : np.ndarray
        Mean vector of component 1.
    cov_c0 : np.ndarray
        Covariance matrix of component 0.
    cov_c1 : np.ndarray
        Covariance matrix of component 1.
    w_c0 : float
        Weight for component 0 sample.
    w_c1 : float
        Weight for component 1 sample.
    n : int
        Number of samples to generate.

    Returns
    -------
    np.ndarray
        Generated samples in latent eigencornea space.
    """
    comp0 = stats.multivariate_normal.rvs(mu_c0, cov_c0, size=n)
    comp1 = stats.multivariate_normal.rvs(mu_c1, cov_c1, size=n)
    return w_c0 * comp0 + w_c1 * comp1


def nearest_psd(matrix):
    """Project a matrix to a positive semi-definite approximation.

    Parameters
    ----------
    matrix : np.ndarray
        Input square matrix.

    Returns
    -------
    np.ndarray
        Matrix with eigenvalues clipped to a small positive threshold.
    """
    eigval, eigvec = np.linalg.eig(matrix)
    return eigvec @ np.diag(np.maximum(eigval, 10 ** -6)) @ eigvec.T


def generate_synteyes(n):
    eigen_data = create_mgmm_data(
        mu_orig[0], mu_orig[1], cov_orig0, cov_orig1, weights_orig[0], weights_orig[1], n
    )

    synteyes_orig = pd.DataFrame([])
    for i in range(len(eigen_data)):
        synteyes_orig_single = convert_to_single_orig_synteyes(
            eigen_data[i], conv_ec_orig, avg_ec_orig, lens_za_orig
        )
        synteyes_orig = pd.concat([synteyes_orig, synteyes_orig_single], ignore_index=True)

    return create_retina_curvature(synteyes_orig, MU_AL_RADII, COV_AL_RADII)


# Original Synteyes parameters
with open("modeldata.json", "r", encoding="utf-8") as f:
    modeldata = json.load(f)

conv_ec_orig = np.array(modeldata["conv_ec_orig"])
avg_ec_orig = np.array(modeldata["avg_ec_orig"])
lens_za_orig = np.array(modeldata["lens_za_orig"])
weights_orig = np.array(modeldata["weights_orig"])
mu_orig = np.array(modeldata["mu_orig"])
cov_orig0 = np.array(modeldata["cov_orig0"])
cov_orig1 = np.array(modeldata["cov_orig1"])

cov_orig = np.zeros((2, np.shape(cov_orig0)[0], np.shape(cov_orig0)[1]))
cov_orig[0] = nearest_psd(cov_orig0)
cov_orig[1] = cov_orig1

# Retina model parameters
MU_AL_RADII = np.array([23.85, 11.89, 11.66, 10.55])
COV_AL_RADII = np.array(
    [
        [1.82, 0.56, 0.42, 0.81],
        [0.56, 0.36, 0.19, 0.18],
        [0.42, 0.19, 0.24, 0.16],
        [0.81, 0.18, 0.16, 0.48],
    ]
)

ui.tags.style("table { display: block; overflow-x: auto; }", "th, td { white-space: nowrap; }")

with ui.card():
    ui.card_header("Create n SyntEyes")
    with ui.layout_columns():
        ui.input_numeric("n_eyes", "Number of 3D SyntEyes", value=10, min=1, step=1)
        ui.input_action_button("generate", "Generate SyntEyes")
        ui.input_checkbox("compact_view", "Compact column view", value=True)

        @render.ui
        def download_button():
            if input.generate() == 0:
                return ui.tags.button(
                    "Download CSV", disabled=True, class_="btn btn-default"
                )
            import base64 as _b64
            csv_bytes = generated_data().to_csv(index=False).encode()
            b64 = _b64.b64encode(csv_bytes).decode()
            return ui.tags.a(
                "Download CSV",
                href=f"data:text/csv;base64,{b64}",
                download="synteyes.csv",
                class_="btn btn-default",
            )

        @render.ui
        def download_json_button():
            if input.generate() == 0:
                return ui.tags.button(
                    "Download JSON", disabled=True, class_="btn btn-default"
                )

            def _json_default(obj):
                if isinstance(obj, np.generic):
                    return obj.item()
                if isinstance(obj, np.ndarray):
                    return obj.tolist()
                raise TypeError(f"Object of type {type(obj).__name__} is not JSON serializable")

            import base64 as _b64
            records = generated_data().to_dict(orient="records")
            json_text = json.dumps(records, separators=(",", ":"), default=_json_default)
            json_b64 = _b64.b64encode(json_text.encode()).decode()
            return ui.tags.a(
                "Download JSON",
                href=f"data:application/json;base64,{json_b64}",
                download="synteyes.json",
                class_="btn btn-default",
            )


@reactive.calc
@reactive.event(input.generate)
def generated_data():
    n = int(input.n_eyes())
    if n < 1:
        raise ValueError("Number of SyntEyes must be at least 1")
    return generate_synteyes(n)


@reactive.calc
def displayed_data():
    df = generated_data()
    if not input.compact_view():
        return df

    preferred_columns = [
        "CCT",
        "ACD",
        "LT",
        "AxialLength",
        "VD",
        "ell_rx",
        "ell_ry",
        "ell_rz",
    ]
    selected_columns = [col for col in preferred_columns if col in df.columns]
    return df[selected_columns]


with ui.card():
    ui.card_header("Result")

    @render.ui
    def result_summary():
        df = generated_data()
        shown_df = displayed_data()
        mode_label = "compact" if input.compact_view() else "expanded"
        return ui.markdown(
            f"Generated **{len(df)}** SyntEyes with **{df.shape[1]}** total columns. "
            f"Showing **{shown_df.shape[1]}** columns in **{mode_label}** mode (first 20 rows)."
        )

    @render.table
    def result_table():
        return displayed_data().head(20)


## file: modeldata.json
{"conv_ec_orig":[[0.03153953,-0.464424293,0.114163744,-0.193542611,-0.390856702,0.511686254,0.067504146,0.106464371,0.155292053,0.065372358,-0.068601239,0.005829067],[0.013743646,-0.001489095,-0.242367439,0.033783854,-0.160996094,0.162040399,-0.642269878,-0.58876214,-0.084478939,-0.140963761,-0.048317636,-0.079336171],[0.006647074,-0.007481317,0.151341036,0.197221187,-0.074506913,0.204534808,0.203805616,-0.084165247,-0.809086908,-0.088461286,0.268654898,-0.023982649],[-0.000873554,-0.003770687,-0.002241191,0.031778108,-0.090454966,-0.050909078,-0.169463845,0.235391947,-0.1668505,-0.211892296,-0.22751167,0.088262248],[0.020176391,-0.278018354,0.073511077,-0.104615551,-0.242573977,0.33473698,0.027236161,0.036677175,0.040521132,-0.041536969,-0.040094444,-0.015509592],[-0.002266799,0.001123203,0.026348645,-0.020017423,-0.242489243,-0.250505522,0.170230365,-0.100465882,-0.252525835,0.018042096,-0.78287048,-0.056163899],[0.001181414,-0.001709931,0.008417538,0.003776444,0.015122961,-0.00044794,0.005965379,0.010724316,-0.019772617,-0.012597491,-0.009261555,-0.033203657],[0.002056673,-0.001605014,-0.054982792,0.000813832,-0.036130167,0.026032925,-0.137419908,-0.122557693,-0.018791474,-0.04528325,0.010320686,-0.022173669],[0.000937726,-0.001027684,0.040231138,0.047611534,-0.019613599,0.059236728,0.036628913,-0.016145574,-0.186605031,-0.044172669,0.045852316,0.015659931],[0.000196054,0.001183884,2.02726e-05,0.005360788,-0.000636816,0.007106129,0.000233139,-0.007567951,0.001627256,0.024110825,-0.021571208,0.004197597],[0.000136156,-0.000143883,-0.002029854,-0.0028101,0.000823299,-0.007155734,0.005363055,-0.009940402,-0.000777626,-0.009180788,-0.002355474,-0.006473661],[6.17458e-05,-0.000596227,0.002113492,0.006565721,0.000608056,0.010309025,-0.006627705,0.003688074,-0.011827124,0.004558271,-0.022311784,-0.010458834],[0.001588913,-0.007776106,0.004406416,0.002261579,-0.011638312,0.025143593,-0.009344813,-0.019103905,-0.038214522,-0.053117618,-0.00348044,-0.015094066],[-0.000104512,9.22639e-05,-0.003215257,-0.002488325,-0.005453096,-0.001651746,0.002916542,0.002439303,-0.008084813,-0.002805612,-0.03231164,0.012441265],[-0.000754148,0.001278945,0.004519524,0.000386945,0.007192913,0.003181063,0.004149051,0.007844688,0.012273717,0.029042162,0.000709756,-0.014793653],[-0.00021046,-6.84723e-05,-0.004495647,-0.003732967,-0.001692518,-0.005562071,-0.005274583,-0.008937742,0.011538066,0.013580151,-0.008580227,-0.017137496],[0.000106033,-6.14704e-06,0.00577357,0.003463003,0.001502094,0.005597542,0.007258713,0.011662393,-0.006058471,-0.011241331,0.00090728,0.017260092],[0.000274228,0.000343115,-0.000119034,-0.001499415,0.002375705,-0.000834061,-0.00282065,0.002099057,0.00166036,0.027696592,0.006594934,-0.003667349],[-0.000101731,0.000270477,-0.001429354,-0.002318425,-0.000238589,-0.003048492,-0.001175911,-0.00189624,-0.001639184,0.007072813,-0.003140653,-0.006347598],[-0.000323661,0.000209323,-0.003256247,-0.002772621,-0.003996832,-0.000677681,0.00090489,-0.000221457,0.00036937,-0.009628852,-0.003435466,-0.007361951],[-0.000627992,0.000695346,-0.00271845,-0.002127902,-0.001119092,-0.000252082,0.00157089,0.007048733,-0.009406161,0.007737225,-0.009902089,0.006955251],[0.000284311,-0.000317542,0.00116285,-0.000682432,0.002594594,-0.000122058,-0.003141789,0.000570189,-0.001927614,-0.005776884,0.004372901,0.003827673],[-9.63053e-05,-0.000112375,-5.29504e-05,0.001390296,-0.000131645,0.002555,-0.000711176,0.001256168,0.002148366,-3.58486e-06,-0.004129157,0.002062576],[7.73643e-05,0.000408687,0.000264847,-0.002345032,-0.000139208,-0.002386367,-0.000947931,0.001582296,0.00216929,0.00282733,0.004290822,0.000630661],[4.68426e-05,-6.10927e-05,-0.000913258,-0.002413057,0.001276462,-0.004101206,-0.000152677,0.001051206,-0.000518637,0.009023916,-0.002724575,-0.001278648],[3.85431e-05,-0.000116139,0.000805312,0.000452336,-0.000834537,0.004055601,0.001763975,0.001603371,0.001611263,0.002894356,0.004839513,-0.001773963],[-0.000149241,0.000442718,-0.001907843,-0.000885552,-0.000471997,-0.004323265,-0.001961482,-0.000807064,-0.001393655,-0.007368537,-0.001993001,-0.002866851],[0.000203656,-0.000305708,0.002602824,-0.000898191,0.000397372,0.003044443,-0.000326894,0.005222792,-0.005002417,-0.004047329,0.000246965,-0.002990809],[-9.95977e-05,0.000217542,-0.000337843,-7.25102e-05,-0.00066852,0.002338553,0.001215799,-0.000174919,0.000726872,-0.001712532,-0.000542377,0.001932153],[-1.86477e-05,1.86045e-07,-7.90499e-05,0.00073069,0.000156368,-0.000652047,-0.000193713,0.001906655,-0.00082585,-0.003476041,0.002742167,0.001245519],[-4.8042e-05,-2.51928e-05,-0.001053335,-0.0010362,-0.001151149,-7.8484e-05,-0.001410721,-0.003051165,0.002808704,0.00116936,-2.68873e-05,-0.004241317],[-1.93319e-05,6.94578e-05,0.000650344,-0.000133549,0.000310251,-0.001302341,-0.001706787,0.001167849,-8.41679e-05,-0.000689944,0.000325083,0.000455551],[-1.08531e-05,3.0765e-05,-1.81936e-05,-0.000495567,0.000564012,-1.91915e-05,0.001134499,0.001216259,-0.001448576,0.003254391,-0.000337711,-0.001397341],[2.79474e-05,-3.54706e-05,0.000356564,0.000394258,0.00045141,-0.000513049,-0.000724268,0.00108141,0.000188563,0.001210304,0.003894065,0.001383167],[6.65631e-05,-8.51181e-05,-9.91953e-05,-0.001018155,0.000396337,-0.001676048,-0.000198453,-0.001797661,0.001848915,-0.001243663,-0.000516625,-0.002888617],[0.000180819,-9.05677e-05,0.001864599,0.000449405,0.002602403,0.000940735,0.000532478,0.001623847,-0.003912707,0.000256033,0.006456881,0.001031507],[0.000108618,-1.07033e-06,-0.000313525,5.49178e-05,0.000790414,3.92671e-05,0.000333018,3.66995e-05,-0.000520651,0.000155759,0.001589922,-0.001551983],[-0.00012467,0.000131734,-0.000324893,0.000140214,-0.000836847,0.000303992,0.000535885,0.000622604,0.000736257,0.001102293,-0.00123038,0.000427727],[2.4179e-05,1.20039e-05,0.00011899,-7.6714e-05,-0.000274043,-0.000225423,7.37633e-05,-0.000388656,-0.000222893,0.00013059,0.001455845,-0.000125823],[-1.60657e-05,-6.22541e-05,-0.000127071,1.74033e-06,0.000117773,-0.000228101,-0.000116592,-0.000371396,0.000131147,0.000343659,0.00022198,-0.000747435],[-4.68585e-05,2.44262e-05,0.000363596,0.000255936,-2.41206e-05,0.000369735,0.000471195,0.000953742,-0.000554675,0.001577438,-8.51323e-05,-0.000427007],[-2.70342e-05,5.59335e-05,-0.000418053,-0.000392902,3.56684e-05,-0.000872194,-0.00045145,5.38885e-06,3.88442e-05,-0.001061312,0.000448703,0.000304328],[4.52625e-05,-0.000134096,0.000180906,2.23431e-05,0.000146122,0.000328367,0.00078014,-3.38651e-05,-0.000231197,0.000969844,0.000801808,0.000154677],[8.23424e-06,5.20584e-05,-0.000116525,0.000162762,0.000135334,-0.000425124,-0.000646026,-0.000554263,0.000900421,0.000464289,0.000237659,0.00126493],[-9.67106e-05,-1.62621e-05,-0.000350434,-0.000178945,-0.000216253,-9.58086e-05,0.000958935,-0.000403405,0.000666812,-0.000890437,-0.000237402,-0.00041842],[0.166847208,-0.696163266,-0.08238664,0.093656074,0.248293421,-0.340789654,-0.02150527,-0.058645391,-0.084911141,-0.303510544,0.081300416,0.049166468],[0.033752926,0.00525148,-0.889636672,0.270268113,-0.108700413,0.154302145,0.273484964,0.143009242,-0.007518891,0.033984839,-0.009451738,-0.005554671],[0.015270896,-0.025054913,0.286024461,0.892596469,-0.134265283,0.060151095,-0.011735892,-0.050196125,0.283517149,-0.014500455,-0.069622103,-0.003968194],[-0.00365747,-0.002254644,-0.026494242,0.073113386,-0.288569928,-0.192493022,-0.500565753,0.673061455,-0.15806645,-0.024543195,0.070625718,0.007110789],[0.1057982,-0.430879466,-0.047457453,0.049128594,0.140338017,-0.225798135,-0.02814751,-0.042418517,-0.038366535,0.414138973,-0.023903366,-0.071799638],[-0.016164799,0.018517962,-0.003879884,-0.084648723,-0.694982016,-0.497891388,0.213167395,-0.235731859,0.10953735,-0.026598662,0.317010381,0.029203127],[-0.001996096,-0.001829732,0.010116264,-0.000760225,-0.000921884,-0.018071353,-0.008596467,0.073930763,0.006607145,-0.008561785,0.071535963,-0.925079747],[0.010440423,-0.008550598,-0.066684748,0.017200617,-0.01634339,-0.020423808,-0.283840497,-0.066581865,-0.072229701,0.444715022,0.012257029,0.151497585],[0.001454865,-0.006047222,0.061260923,0.096775136,-0.042649495,0.020631502,0.032560857,-0.025907849,-0.176003996,0.481073186,0.062668754,0.032827585],[0.001532497,0.002246676,-0.014589696,0.017607711,-0.024451756,0.029486134,-0.001001801,0.02356707,0.004669104,-0.096207447,0.028755839,0.141981704],[-0.001397283,-0.001684592,-0.010768204,-0.008664808,-0.012843601,-0.018627558,0.025703092,-0.028769284,0.017680732,-0.024759112,0.160122739,0.063041023],[-0.001020929,0.001839877,0.000182021,-0.030622209,-0.019873746,-0.003932994,-0.021088821,0.003008122,-0.067888859,0.04856247,0.044891818,0.055584223],[0.007212816,-0.02221801,0.003320889,0.004852674,-0.020741707,-0.008224077,-0.031570968,-0.006758688,-0.035091914,0.426799543,-0.024272225,-0.031066759],[0.000622923,-0.00137096,-0.003444511,-0.01299743,-0.005786806,0.038695951,0.015357439,-0.016224513,-0.022023897,-0.09991026,-0.048618151,0.054386398],[-0.000763373,0.004087143,0.012776039,0.007515405,0.042738997,0.020475074,0.050640035,-0.024060451,-0.052839,-0.01738779,-0.269498742,0.015038603],[-0.001047073,-0.001373803,-0.009193996,-0.009571685,0.003289909,-0.032134025,-0.010013761,-0.020176991,-0.039360208,0.048517788,-0.023336228,-0.113820752],[0.00011398,0.000341029,0.001957162,-0.000611272,0.019517096,0.013535149,0.022147451,0.003656835,-0.002400355,-0.009037864,0.023897169,0.185107522],[-0.001583883,0.001017187,0.008517748,-0.012479515,-0.023350323,-0.004252456,-0.023215504,-0.026070673,-0.033335131,0.035866189,-0.026330008,-0.03074434],[-0.000498403,-0.001065872,-0.008810582,-0.031288767,-0.029810437,-0.004367974,-0.018675552,-0.00163257,-0.073293801,0.064262567,0.074458182,-0.003699865],[-0.000748874,0.000736846,-0.000283002,-0.004673229,0.007326208,-0.005201227,0.001594085,-0.00214519,0.018415098,-0.010074218,-0.04516937,-0.039565163],[-0.000366171,-0.001072138,-0.013905722,-0.00700068,-0.015837598,-0.013830304,0.028061696,0.00079359,0.017566095,0.003127659,-0.030628303,-0.074983749],[4.10812e-06,-0.000393255,0.008220299,0.004502613,0.019157991,0.017690689,0.014624342,-0.017035096,-0.019447888,-0.009888431,-0.072553499,-0.00345605],[7.55965e-05,0.001102695,0.001645399,0.001888469,0.0024392,-0.005071502,-0.007061798,0.009716561,0.000224135,0.024900781,-0.03982725,-0.024018644],[2.01418e-05,-0.000992878,0.006231609,0.005840163,0.008988283,0.008985384,-0.004550526,-0.00492033,0.004146982,-0.018709887,-0.016777099,0.006622108],[-0.000150088,-1.20293e-05,0.006967801,-0.001876591,-0.008114056,0.007285789,-0.018574143,-0.002190411,-0.034044912,-0.004163298,0.023416142,0.031592989],[-0.000212503,0.001798138,-0.003086474,-0.004334515,0.005376564,-0.00423564,0.006814449,0.010508243,-0.013339339,0.008935537,0.00991368,-0.022404874],[-0.000250945,-0.000526433,0.005038473,0.001497368,-0.004543648,-0.001122339,-0.018187842,0.00205002,0.009773616,-0.017085123,0.02028356,-0.012421682],[-0.001385014,0.001698655,-0.003187782,-0.005212865,-0.005681075,-0.003857383,0.00063722,-0.012774902,0.002830369,0.019956715,0.006053988,0.004760256],[0.000173676,-5.86241e-05,-0.001363251,0.0024383,0.000100099,0.000646442,0.001089659,0.003671716,0.011244713,-0.012816907,-0.006252118,-0.011385715],[4.85297e-05,0.000135601,0.000972742,0.000296236,-0.000648026,0.004892045,0.001565133,0.003562296,0.006859976,-0.009767827,0.002989413,0.009167846],[0.00016576,-0.000194686,-0.000152501,0.000694055,-0.003243401,-0.001782806,-0.005009182,-0.002257389,0.000719594,0.006155971,-0.006173527,-0.016833604],[4.94552e-05,0.000109099,0.000794565,0.002144949,0.00479969,0.001030815,0.001394887,0.002008485,0.008196754,-0.015744547,0.001916004,0.002637482],[-6.91159e-05,0.000609211,0.001194698,0.003319737,0.004301018,0.002810092,0.004570041,0.000816934,0.006141968,-0.017185693,-0.008595739,0.000411003],[2.92472e-05,-0.000102654,0.000491344,0.000480128,-0.001255204,-0.000218304,-0.002498334,-4.96243e-05,-0.003287507,0.001848783,0.00593843,0.004034896],[0.000229377,3.04268e-05,0.001609867,0.000834252,0.001545139,2.3027e-05,-0.004872479,0.000305233,0.001315145,0.001101303,0.004529338,0.006884965],[2.05718e-05,0.000516588,0.000883971,0.001462827,0.004014685,0.003908708,0.010060631,0.005661801,-0.013593098,-0.005740973,0.003091058,0.018444111],[-8.23796e-05,0.000194326,-0.00158598,-0.000880681,-0.000525285,-0.002070476,-0.005253995,0.004632157,0.002959545,-0.0060488,0.001267428,-0.003797963],[2.45836e-05,0.000141626,-0.000345461,-0.00039063,-0.002185459,-0.000910531,-0.001007696,0.00048727,0.003548055,0.000292595,0.006412549,-0.002946714],[-5.21321e-05,-0.000160984,7.12213e-05,-0.000277463,-0.000690415,0.001093193,0.000118272,-0.001720279,-0.000243697,-0.003891892,0.003283219,0.004246548],[3.61002e-05,0.000107833,-0.00112881,-0.000475557,-0.000940858,-0.001687638,0.002386254,0.000987618,0.001750643,0.000562991,0.001075522,-0.002087697],[-8.80705e-05,-3.39006e-05,-0.001573668,-0.000573958,-0.000251654,-0.001404922,0.00321743,-0.000340568,0.004693045,-0.001900463,-0.002758575,-0.006272081],[8.16015e-05,-0.000354339,0.000350866,0.000656046,-0.000710372,-0.000584167,-0.002489509,-0.001436767,0.003720185,-0.001151456,-0.000741472,0.00370869],[7.54301e-05,-1.84336e-07,-0.00091799,-0.000326511,0.00037723,0.000369999,0.003215029,-0.000199522,-0.000996702,0.002316321,-0.000212809,0.001457739],[7.92362e-05,-0.000150765,0.000507588,0.000756121,0.000810178,0.00015722,-0.000288624,0.001819178,-0.001455627,-0.001371584,0.000297753,-0.00191292],[-0.000187736,9.31151e-05,-0.001480687,-0.001211252,-0.001614759,-0.001845582,-0.00355714,-0.001338854,3.13973e-05,0.005336522,0.008906797,0.009011958],[0.978514175,0.186854169,0.043162151,-0.039639801,-0.044041747,0.039542083,0.007706949,0.014770518,0.017208451,-0.001308652,-0.004452772,-0.002082325]],"avg_ec_orig":[[0.348793787,-0.000894307,0.000591566,-0.000218192,0.2041778,-0.002104481,-5.16791e-05,-0.000264297,0.000246699,4.00474e-05,-1.48468e-05,4.30592e-05,0.002164905,-6.90705e-05,1.49423e-05,-5.24732e-05,2.47992e-05,-3.54234e-05,-3.82171e-05,-1.43517e-05,-8.40879e-06,1.43077e-05,3.76873e-05,-3.22383e-05,-1.05799e-05,2.1429e-06,-3.31435e-05,1.1584e-05,1.17351e-06,-2.18146e-06,9.71322e-06,-9.02274e-06,-9.6007e-06,-1.13174e-06,-8.05944e-06,1.44354e-05,-1.55287e-06,3.65989e-07,-6.11323e-06,5.11701e-06,-6.37314e-06,2.58705e-06,1.58672e-06,-1.8603e-06,-2.30744e-06,0.430311246,0.010446498,0.015108597,-0.001633497,0.254583443,-0.007671386,4.67355e-05,0.000186603,0.000535376,-0.000138482,0.000400979,-0.00033352,0.004322813,0.000268462,0.000820045,0.000100379,8.00721e-05,-0.000492065,-0.000309012,0.000169467,2.17207e-05,-1.45542e-05,-8.47955e-05,-8.3996e-05,-0.000393637,-0.000110904,-0.000238447,-7.79409e-06,2.69468e-06,-7.51099e-07,-3.92844e-06,-3.23351e-07,-2.49206e-05,-2.77757e-05,1.45177e-05,1.7322e-05,-6.89985e-07,5.00035e-06,-1.37735e-06,2.40593e-05,4.66748e-05,2.59279e-05,2.74886e-05,-2.95483e-06,-1.83673e-05,0.549092949]],"lens_za_orig":[0.0,0.0,0.0,0.0,-0.003,0.0025,-0.0005,0.0011,0.0009,-8e-05,0.0007,-0.00035,-0.0023,0.0004,0.00027,0.00015,0.00025,-0.00025,0.0001,0.0001,0.0001],"weights_orig":[0.539894824,0.460105176],"mu_orig":[[2.9455229455439,3.9913700055706,24.3473620358279,10.7752211960568,-7.0900767495169,22.3434162220963,7.5778102975634,-2.616339946364,-1.6554712833716,-1.6882977494415,0.2161008084069,-0.6577319622772,0.0076645056695,0.074564547994,-0.1359518820564,0.1525555956626,0.0687682357603,0.1249833988528],[2.8170464748697,4.1432483110006,23.6901338563283,10.2687245924468,-6.7727444430004,22.8164416989426,-8.8919247072622,3.070055363959,1.9425563439294,1.9810759613674,-0.2535763484802,0.77179323505,-0.0089937427337,-0.0874951324307,0.1595282283977,-0.1790112043402,-0.0806937380865,-0.1466575114848]],"cov_orig0":[[0.143527718655297,-0.104674224918083,0.240245621690935,0.342066161173113,-0.214897984123119,-0.297156569296695,-2.69098394264429,-0.899616775701144,0.127265509055471,-0.631896309925745,-0.420385105231477,-0.0289390512520878,-0.194960914358876,-0.0285280247253079,-0.232481149285519,0.246909864187371,-0.0348860655017128,0.0374269892450457],[-0.104674224918083,0.167635320936489,-0.126490752494345,-0.477582711940367,0.299970566875516,0.125045772277354,-0.00946603012771191,0.72552072377577,0.0326102497127874,0.191234690982318,0.176548612708084,0.24637931203963,0.382949382765465,0.172720297639852,0.162766278679434,-0.225030371249853,-0.0106670546289961,-0.0317728498507288],[0.240245621690935,-0.126490752494345,1.45626005587415,0.592642261139906,-0.372932231541261,-1.2582979358186,-6.6936397524119,8.00387270037758,0.0574287860995465,-2.01805883068433,-0.0308392324210993,0.852665334091284,-0.580312764636336,0.0436802101257585,-0.717574201291022,0.520156629030642,0.211084921511823,-0.0309716775912155],[0.342066161173113,-0.477582711940367,0.592642261139906,1.5205464770367,-0.955337999795019,-1.15568942932058,-2.30650171749505,-1.85800029690163,-0.0452681697193087,-1.00727636857801,-0.661851000749957,-0.486699836248596,-1.13141377623763,-0.509595055386397,-0.640983740746039,0.624960059834351,0.0309642354374322,0.0566156716340731],[-0.214897984123119,0.299970566875516,-0.372932231541261,-0.955337999795019,0.600236888714533,0.72730963592409,1.45793331634565,1.17110188346091,0.027470064987839,0.632877054075837,0.413876179589204,0.303520171953161,0.71100292449647,0.320324296912742,0.403215634407033,-0.392216799341355,-0.0195228750081217,-0.0353689549381019],[-0.297156569296695,0.125045772277354,-1.2582979358186,-1.15568942932058,0.72730963592409,4.08978342210418,11.5673379001391,-0.543470379678649,-0.232590545557188,2.44480174051705,0.924927115254807,-0.860850820844336,0.493664528803491,0.216567503857499,1.00367553406052,-0.0808098725472082,-0.0114815834839403,0.149391700041641],[-2.69098394264429,-0.00946603012771191,-6.6936397524119,-2.30650171749505,1.45793331634565,11.5673379001391,1017.34918548703,1.04096023827766e-13,-1.27842116463541e-15,5.39944908493738e-15,3.55292993257087e-15,-5.03247633811545e-16,1.05410688666362e-15,8.92936897090816e-16,-2.05981960930229e-16,-5.83169243687735e-17,1.21749278837775e-16,-5.4912629073382e-17],[-0.899616775701144,0.72552072377577,8.00387270037758,-1.85800029690163,1.17110188346091,-0.543470379678649,1.04096023827766e-13,528.49837954172,-1.98408605591532e-12,-1.07920987977859e-14,-2.95495425225845e-15,-6.62932025327802e-16,-2.13772992784146e-15,-1.5121038051038e-15,2.54297296661087e-16,4.24541434118627e-16,-1.7636810631868e-18,6.64254971817017e-17],[0.127265509055471,0.0326102497127874,0.0574287860995465,-0.0452681697193087,0.027470064987839,-0.232590545557188,-1.27842116463541e-15,-1.98408605591532e-12,86.8595226603402,3.31859616657824e-15,-1.3635369016803e-15,-2.23155010045075e-15,-7.29528993041485e-16,-9.67802840296322e-16,-9.76462013485144e-16,-7.64934723755078e-17,1.41205376097401e-18,2.7969772686227e-16],[-0.631896309925745,0.191234690982318,-2.01805883068433,-1.00727636857801,0.632877054075837,2.44480174051705,5.39944908493738e-15,-1.07920987977859e-14,3.31859616657824e-15,46.2234360188462,4.38017696623812e-16,-6.49024010479231e-17,-4.44699231940198e-16,8.51966260610929e-16,-5.99992075275607e-16,-4.29957433875835e-16,9.17495918453033e-17,-7.82556924490067e-17],[-0.420385105231477,0.176548612708084,-0.0308392324210993,-0.661851000749957,0.413876179589204,0.924927115254807,3.55292993257087e-15,-2.95495425225845e-15,-1.3635369016803e-15,4.38017696623812e-16,24.3222864913518,1.41648949922744e-16,1.71125826540671e-15,1.85556547527577e-15,1.29321998612108e-15,-5.71750748924707e-16,-1.12005565568464e-16,-8.52889233528172e-17],[-0.0289390512520878,0.24637931203963,0.852665334091284,-0.486699836248596,0.303520171953161,-0.860850820844336,-5.03247633811545e-16,-6.62932025327802e-16,-2.23155010045075e-15,-6.49024010479231e-17,1.41648949922744e-16,21.5131811438763,-3.3277270336517e-16,-1.17257616243674e-16,9.6012441356723e-16,-1.63401739472041e-15,1.64196552552484e-16,-3.93958791692322e-16],[-0.194960914358876,0.382949382765465,-0.580312764636336,-1.13141377623763,0.71100292449647,0.493664528803491,1.05410688666362e-15,-2.13772992784146e-15,-7.29528993041485e-16,-4.44699231940198e-16,1.71125826540671e-15,-3.3277270336517e-16,7.36293100224627,-3.75750102865667e-15,-3.88742065650948e-15,1.42895179785506e-15,-1.28247875947381e-16,7.54047633740716e-17],[-0.0285280247253079,0.172720297639852,0.0436802101257585,-0.509595055386397,0.320324296912742,0.216567503857499,8.92936897090816e-16,-1.5121038051038e-15,-9.67802840296322e-16,8.51966260610929e-16,1.85556547527577e-15,-1.17257616243674e-16,-3.75750102865667e-15,8.81807830012975,-2.46618526526787e-15,3.53849777613851e-16,2.69593586133157e-16,-2.15285184477809e-16],[-0.232481149285519,0.162766278679434,-0.717574201291022,-0.640983740746039,0.403215634407033,1.00367553406052,-2.05981960930229e-16,2.54297296661087e-16,-9.76462013485144e-16,-5.99992075275607e-16,1.29321998612108e-15,9.6012441356723e-16,-3.88742065650948e-15,-2.46618526526787e-15,4.3532716181423,6.45518400070134e-16,1.78322711278564e-16,1.02665823957577e-16],[0.246909864187371,-0.225030371249853,0.520156629030642,0.624960059834351,-0.392216799341355,-0.0808098725472082,-5.83169243687735e-17,4.24541434118627e-16,-7.64934723755078e-17,-4.29957433875835e-16,-5.71750748924707e-16,-1.63401739472041e-15,1.42895179785506e-15,3.53849777613851e-16,6.45518400070134e-16,2.14942005877348,-7.59426775740769e-17,3.62638360140016e-16],[-0.0348860655017128,-0.0106670546289961,0.211084921511823,0.0309642354374322,-0.0195228750081217,-0.0114815834839403,1.21749278837775e-16,-1.7636810631868e-18,1.41205376097401e-18,9.17495918453033e-17,-1.12005565568464e-16,1.64196552552484e-16,-1.28247875947381e-16,2.69593586133157e-16,1.78322711278564e-16,-7.59426775740769e-17,2.02045043886872,-7.73378414393073e-17],[0.0374269892450457,-0.0317728498507288,-0.0309716775912155,0.0566156716340731,-0.0353689549381019,0.149391700041641,-5.4912629073382e-17,6.64254971817017e-17,2.7969772686227e-16,-7.82556924490067e-17,-8.52889233528172e-17,-3.93958791692322e-16,7.54047633740716e-17,-2.15285184477809e-16,1.02665823957577e-16,3.62638360140016e-16,-7.73378414393073e-17,1.35221469826166]],"cov_orig1":[[0.150044093935819,-0.0969100716078597,0.207130761091686,0.354057055504709,-0.222668601374799,-0.462815305719749,-0.125377995903945,0.105921660710762,1.04906820348292,0.0870267416653642,-0.0231696922868742,0.0115768692280826,-0.0251675784314716,-0.0144134206876295,-0.166104033413856,0.276345157990583,-0.0334278799713048,-0.0313401356199994],[-0.0969100716078597,0.107086312593468,-0.123018384144362,-0.342831105589038,0.215525159132811,0.268820604449653,1.00007336199906,0.360367158952181,-0.377774572263242,-0.304896985360723,-0.0761076977923406,0.21002893493446,0.0404305470196005,-0.0603237586308957,-0.00735458490635149,-0.301237899693669,-0.00377674352692393,0.0336583786033279],[0.207130761091686,-0.123018384144362,0.713257878862773,0.582826359036587,-0.366745250347271,-1.25445670163544,-1.22121479752094,10.7797930783749,0.42109619912983,0.735152770764633,0.171065110987889,-0.251867749679555,0.120956733705439,-0.0822703725468825,-0.513372523958739,0.14333903802733,-0.0272058352980741,-0.0195167531272205],[0.354057055504709,-0.342831105589038,0.582826359036587,1.21959091257317,-0.766833348204877,-1.46954951086725,-2.18592761194181,0.864223133821781,1.28081285780305,0.629925853957102,0.185402411817917,-0.508199788780763,-0.196943754447017,0.331752666902433,-0.117576795657993,0.838943406409609,-0.031919255576936,-0.148585491231084],[-0.222668601374799,0.215525159132811,-0.366745250347271,-0.766833348204877,0.482167749123943,0.924480883856486,1.35984986760342,-0.546750942563295,-0.802477719251832,-0.396329278870835,-0.114401075707604,0.319250592745535,0.123255423387616,-0.208943941131815,0.0732727045011401,-0.528341931086042,0.019896473724074,0.0934698780942455],[-0.462815305719749,0.268820604449653,-1.25445670163544,-1.46954951086725,0.924480883856486,3.71434454412725,-2.55217143804786,-9.11340958974474,-1.31306250380321,0.994785642448953,0.106606903286851,-0.307250269890838,0.422263085668831,-0.840491737467183,0.689276757541229,-0.132659402756239,0.213939346095909,0.289776075701011],[-0.125377995903945,1.00007336199906,-1.22121479752094,-2.18592761194181,1.35984986760342,-2.55217143804786,835.321659229785,5.31491150577388e-15,-3.47449740083193e-15,1.32869153022211e-15,-7.76428630257473e-16,4.89431252779498e-16,4.23555638885593e-16,-3.10427143488437e-16,2.61444640065e-16,6.82028881458891e-16,3.75087359992788e-17,6.55166622875382e-17],[0.105921660710762,0.360367158952181,10.7797930783749,0.864223133821781,-0.546750942563295,-9.11340958974474,5.31491150577388e-15,429.051785227523,3.11880948432761e-13,-2.66780670111996e-15,1.37926462262284e-15,1.9304475725639e-16,1.24139509691301e-16,-4.1796241478427e-16,-1.4520021269135e-16,-5.62792108084586e-16,1.18889224486894e-16,2.22846914590266e-17],[1.04906820348292,-0.377774572263242,0.42109619912983,1.28081285780305,-0.802477719251832,-1.31306250380321,-3.47449740083193e-15,3.11880948432761e-13,111.861645697589,2.30178005999895e-13,-7.28904535080137e-16,1.54991627297672e-16,3.0605036109075e-16,-8.20633848617858e-16,6.96526661502266e-16,-9.84616632663076e-16,1.4485234298973e-16,2.52050397097871e-17],[0.0870267416653642,-0.304896985360723,0.735152770764633,0.629925853957102,-0.396329278870835,0.994785642448953,1.32869153022211e-15,-2.66780670111996e-15,2.30178005999895e-13,42.1597956515609,-1.32192023035674e-13,-3.51575923088624e-15,-1.08936052737673e-15,-6.96946605023416e-16,7.15926653858112e-16,-1.03365423166091e-15,9.58119226391664e-17,1.05447847327632e-16],[-0.0231696922868742,-0.0761076977923406,0.171065110987889,0.185402411817917,-0.114401075707604,0.106606903286851,-7.76428630257473e-16,1.37926462262284e-15,-7.28904535080137e-16,-1.32192023035674e-13,15.6812971320938,-1.40736554767744e-15,-3.21588840510704e-15,-4.36049114817708e-16,5.31152616479241e-16,-5.46235951451219e-16,-1.75538407424255e-16,1.94494474234899e-16],[0.0115768692280826,0.21002893493446,-0.251867749679555,-0.508199788780763,0.319250592745535,-0.307250269890838,4.89431252779498e-16,1.9304475725639e-16,1.54991627297672e-16,-3.51575923088624e-15,-1.40736554767744e-15,13.9253223492865,2.02907680925863e-16,1.48705939955614e-15,3.40402402572398e-15,-2.16450473261342e-15,-7.88768527901284e-18,3.20406522324983e-16],[-0.0251675784314716,0.0404305470196005,0.120956733705439,-0.196943754447017,0.123255423387616,0.422263085668831,4.23555638885593e-16,1.24139509691301e-16,3.0605036109075e-16,-1.08936052737673e-15,-3.21588840510704e-15,2.02907680925863e-16,9.61427321785118,2.60412495860117e-16,-2.74181588279193e-16,-6.68578830914022e-16,-3.54189007002626e-17,-7.89885010271667e-17],[-0.014413420